array([[[-7.64770149e-01, -7.66161305e-01, -7.50163175e-01, ...,
         -7.42297178e-01, -7.36068489e-01, -7.47664468e-01],
        [-7.80703444e-01, -7.71542048e-01, -7.64179687e-01, ...,
         -7.53798081e-01, -7.49424642e-01, -7.62978862e-01],
        [-7.72547249e-01, -7.60043340e-01, -7.53668022e-01, ...,
         -7.40300441e-01, -7.42567278e-01, -7.52172994e-01],
        [-7.74810241e-01, -7.56784871e-01, -7.59371657e-01, ...,
         -7.41662120e-01, -7.49283448e-01, -7.57767629e-01],
        [-7.82167773e-01, -7.69201697e-01, -7.64022179e-01, ...,
         -7.51531737e-01, -7.49811190e-01, -7.63393033e-01],
        [-2.77810912e-02, -2.58711225e-02, -3.14216771e-02, ...,
         -2.49032956e-02, -1.98498598e-02, -2.25900312e-02]],

       [[-8.93579726e-01, -8.90044387e-01, -8.81762404e-01, ...,
         -8.78187097e-01, -8.62066361e-01, -8.73869854e-01],
        [-8.95433712e-01, -8.95527957e-01, -8.91186724e-01, ...,
         -8.73705606e-01, -8.69929953e-01, -8.80580763e-01],
        [-8.94936815e-01, -8.88261051e-01, -8.88642239e-01, ...,
         -8.73847708e-01, -8.67462253e-01, -8.72946242e-01],
        [-8.93845534e-01, -8.86415381e-01, -8.91677913e-01, ...,
         -8.64995776e-01, -8.72001918e-01, -8.75592430e-01],
        [-9.01033200e-01, -8.96684394e-01, -8.96900857e-01, ...,
         -8.77685710e-01, -8.75032276e-01, -8.83834795e-01],
        [-2.17798344e-02, -2.06996095e-02, -2.23033752e-02, ...,
         -1.93531331e-02, -1.73584014e-02, -1.99336025e-02]],

       [[-2.16801498e-01, -2.03054115e-01, -1.90497899e-01, ...,
         -2.57915712e-01, -2.64661284e-01, -2.64272994e-01],
        [-2.47312198e-01, -2.34635340e-01, -2.24890760e-01, ...,
         -2.91828955e-01, -2.96822024e-01, -2.94453319e-01],
        [-2.33617278e-01, -2.17847983e-01, -2.10677798e-01, ...,
         -2.84668564e-01, -2.89055254e-01, -2.85561685e-01],
        [-2.20169957e-01, -2.06704951e-01, -2.08500377e-01, ...,
         -2.77206622e-01, -2.78324156e-01, -2.75563322e-01],
        [-2.07903483e-01, -1.92524143e-01, -1.83926630e-01, ...,
         -2.57369088e-01, -2.61528325e-01, -2.57737515e-01],
        [-1.39199891e-02, -1.45473547e-02, -1.37433570e-02, ...,
         -1.91149955e-02, -1.66841585e-02, -1.73339570e-02]], ...,

       [[ 9.12133794e-01,  8.11647072e-01,  7.57710735e-01, ...,
         -2.58034311e-01, -2.17041978e-01,  2.29975000e-01],
        [ 7.35461650e-01,  7.08241771e-01,  6.36563739e-01, ...,
         -2.99667339e-01, -3.06753599e-01,  7.08148091e-02],
        [ 7.43023638e-01,  6.91688414e-01,  5.95503788e-01, ...,
         -5.55503549e-01, -5.35503495e-01, -1.46827332e-02],
        [ 7.45187338e-01,  7.27607156e-01,  5.56974925e-01, ...,
         -2.18483005e-01,  1.65355803e-02,  1.16572428e-02],
        [ 7.41052634e-01,  6.91980555e-01,  5.68840107e-01, ...,
         -4.06732965e-01, -3.05839971e-01, -3.04894519e-01],
        [ 6.84178863e-01,  2.64279727e-01,  1.93275610e-01, ...,
          3.02894269e-01, -1.02791348e-03,  5.71796046e-01]],

       [[-2.78623356e-02, -9.52239197e-02, -1.28980578e-01, ...,
         -5.97072479e-03,  3.39084184e-02, -3.20329338e-01],
        [-7.27024974e-02, -1.22472317e-01, -1.53637005e-01, ...,
         -7.81170614e-02, -1.10992310e-02, -6.44447307e-02],
        [-1.02979228e-01, -1.22753356e-01, -2.54408018e-01, ...,
         -2.74052322e-02, -1.78561236e-01, -3.42673568e-01],
        [-8.65932174e-02, -1.58075589e-01, -2.32378672e-01, ...,
         -5.17255588e-03, -1.24473535e-01,  6.96521696e-03],
        [-8.52327811e-02, -1.21035499e-01, -2.20139738e-01, ...,
         -8.52446320e-03, -1.14423897e-01, -2.18095163e-01],
        [ 9.97914355e-01,  4.32609237e-01,  6.42392996e-01, ...,
         -3.72051524e-01,  2.35519989e-01, -3.49956141e-02]],

       [[ 2.97806297e-01,  3.10263080e-01,  3.05091277e-01, ...,
          1.11873698e+00,  1.42856724e+00,  1.82661925e+00],
        [ 3.54862019e-01,  3.37647322e-01,  2.95633023e-01, ...,
          1.06298278e+00,  1.47355314e+00,  1.78987258e+00],
        [ 3.64101821e-01,  3.84251167e-01,  2.36420426e-01, ...,
          1.49561371e+00,  1.92017718e+00,  8.65794705e-01],
        [ 4.79490687e-01,  4.39350332e-01,  2.63943070e-01, ...,
          1.85077374e+00,  1.90997061e+00,  9.34727064e-01],
        [ 3.84403535e-01,  3.68212420e-01,  2.49362690e-01, ...,
          1.55920768e+00,  1.72374410e+00,  1.44195054e+00],
        [-1.39571392e-01, -3.84004524e-01, -1.29412975e-01, ...,
         -6.12600651e-01, -9.59967237e-01,  1.35383360e+00]]])